64.4242
63.9782
64.0761
63.8086
63.8349
64.5888
63.2415
62.8027
63.4894
63.0514
63.5433
63.1026
62.4804
62.8252
63.0711
62.716
65.7891
63.8946
64.821
65.1848
65.2292
64.5127
65.7733
65.6139
66.1638
66.6999
66.1103
66.2434
65.5911
65.9423
66.0322
66.0427
65.2686
65.8875
66.6372
65.6334
64.8812
64.9215
65.6346
65.3035
64.7699
63.4261
63.6313
64.0784
63.4288
65.0684
64.4365
63.7227
63.7377
64.1972
64.1881
63.3129
63.3621
62.2827
63.1544
62.0279
62.6264
62.8583
62.9034
62.4132
62.2016
62.1121
62.0948
62.4057
62.0648
62.5726
62.5585
62.3132
62.1401
62.0064
61.9594
62.0155
61.8362
61.7472
61.7735
61.7903
61.4886
61.4913
61.8846
61.8477
62.3162
61.8138
61.3952
61.8973
61.4352
61.558
61.8377
62.3543
61.455
61.3242
61.4289
61.3252
61.8319
61.8698
63.0622
60.9727
60.9656
62.3581
61.7895
61.9467
62.3721
60.4573
61.0334
61.6803
60.9452
61.5611
61.0064
61.6946
61.3619
60.8792
60.9121
61.3348
61.1446
61.8936
60.7783
61.5383
61.6984
62.5375
61.719
61.0946
61.8989
60.099
61.6759
62.3978
61.0082
60.7221
60.3661
61.0417
61.66
61.0464
60.7256
60.9633
60.9751
60.9067
60.1093
61.9919
60.63
61.7148
60.7141
60.8015
60.9489
61.7167
61.463
61.2844
60.4182
60.9042
61.1589
61.2596
60.9989
60.5435
61.4844
61.3434
60.4687
60.4992
60.9542
61.7191
60.9141
60.8058
61.1253
60.8017
60.7825
61.7548
61.1774
61.3718
61.0177
60.7092
61.6564
60.9446
60.6317
60.6612
60.7232
60.6527
61.3981
60.698
60.5374
61.1813
61.1342
60.9236
60.139
60.8638
60.7977
61.1827
61.033
61.6284
61.4929
60.6573
60.5364
60.3254
60.3334
60.5554
60.6197
60.6788
60.7545
61.5557
61.3307
60.2071
60.2257
60.5118
60.5727
60.2482
61.2392
60.8789
61.4835
60.5919
61.2934
61.0698
60.5624
60.2948
60.7688
60.79
61.0537
59.8955
61.4732
60.6539
60.9932
60.2702
60.9648
60.8887
61.0274
61.0969
60.987
61.141
61.1283
61.1201
61.1493
60.3537
60.7284
61.0145
60.702
61.1189
61.1488
61.3609
61.694
60.7379
61.6083
61.4023
61.1161
61.1357
60.9884
60.0683
60.5895
61.4939
60.2237
60.7898
60.9195
61.6073
60.2761
60.3484
60.3574
61.0511
60.9554
61.3729
60.8446
60.0687
61.1266
60.6986
60.5066
60.7212
60.7708
61.4206
61.069
60.5927
61.1688
60.809
61.832
60.8016
61.2052
61.1066
60.5682
60.0501
61.0432
60.143
60.7101
61.2157
60.3059
60.9194
61.162
61.3473
60.5752
60.9401
60.9884
61.3017
60.4197
60.4151
60.4331
60.0445
60.7198
61.2446
61.0923
60.7529
61.2519
61.3914
60.7819
60.2888
61.0943
60.563
60.5619
61.1039
60.3453
61.4642
61.3184
60.5782
60.4085
60.5339
60.8691
60.8953
60.3749
61.5164
60.8799
61.9905
61.317
60.3911
62.2327
61.0178
61.1362
61.5975
61.0249
59.6055
61.3775
61.1936
61.166
60.4753
61.7449
60.6653
61.072
60.4589
61.7178
61.6884
60.9162
60.8095
61.4106
61.2648
61.1631
60.6457
61.3874
60.651
61.1406
61.54
60.6307
61.2544
61.104
60.7322
61.5657
62.0412
61.0907
61.4953
60.9145
61.4068
61.7416
61.1835
61.2191
60.9638
60.7298
60.9004
61.0005
61.0055
61.089
61.3487
61.6432
61.3221
61.0465
60.8233
60.8457
61.216
61.6323
60.5841
61.7301
61.779
61.2768
60.6452
60.1493
60.7323
60.7958
62.0772
60.672
61.251
61.5213
60.6834
60.3679
60.8456
60.5681
61.4709
60.9994
61.2043
60.8295
61.2352
61.0456
60.0731
60.5529
61.135
60.156
60.6791
61.6218
61.624
60.664
60.7716
61.2183
60.9073
61.0463
60.5903
60.6377
60.6377
60.6377
60.6377
60.6377
60.6377
60.6377
60.6377
60.8258
60.8258
60.8258
60.8258
60.8258
60.8258
60.8258
60.8258
61.0227
61.0569
61.5121
61.7445
60.8792
61.7539
60.5887
60.8638
60.1968
60.6823
60.9586
61.4913
61.6202
61.258
61.367
61.0153
61.0264
61.3855
60.9341
61.0999
61.7129
60.6831
60.9586
60.8582
60.6053
61.415
61.36
60.8981
60.6448
61.3061
60.9206
60.5768
61.2739
61.2752
61.1731
60.8048
60.6712
60.8497
61.183
60.8975
60.7014
61.0351
60.7256
60.1481
55.5604
55.556
55.1766
56.4592
55.4139
55.5224
56.3946
54.9506
60.5135
61.0328
60.4926
60.7865
60.9654
61.3125
61.456
61.0949
62.092
61.8511
60.6582
61.5322
61.6436
61.5324
60.9935
62.1067
60.6762
61.9217
61.4715
61.4841
61.371
61.7115
61.6313
62.2166
61.7193
62.1241
62.3815
61.6567
62.1724
61.8142
61.3373
61.2372
60.806
61.347
61.6902
60.922
61.0473
61.7581
62.8409
62.6197
61.2903
61.0519
60.4401
60.8669
61.5753
61.9333
59.7234
61.3642
61.029
61.3898
62.225
61.1159
61.9137
62.3084
62.4355
61.9299
60.3781
62.8232
62.5319
63.0285
61.2979
61.6094
62.7497
60.8984
62.0551
61.0921
61.4825
61.6696
61.9526
61.3564
62.0401
62.5187
61.1337
61.2323
61.6989
61.8206
61.8633
60.9665
61.8386
61.8436
61.74
61.8319
60.9218
62.3446
61.9121
61.8759
61.9544
61.1168
62.4314
61.3594
61.2467
61.2093
62.1311
62.0338
61.1879
62.4394
62.8251
60.994
62.4747
61.4513
61.0281
60.8193
61.4697
61.6136
62.7327
63.1158
61.9804
61.1323
61.0519
62.2624
61.6345
61.2154
62.1072
61.5917
62.9684
61.9618
62.22
62.4128
61.2819
61.832
61.1088
61.423
61.5985
61.6809
62.1026
61.8292
61.7794
61.5845
61.9917
61.7829
62.4878
61.8573
