61.3955
61.3955
61.3955
61.3955
61.3955
61.3955
61.3955
61.3955
61.3955
61.3955
61.3955
61.3955
61.3955
61.3955
61.3955
61.3955
61.3955
61.3955
61.3955
61.3955
61.3955
61.3955
61.3955
61.3955
61.3955
61.3955
61.3955
61.3955
61.3955
61.3955
61.3955
61.3955
61.3955
61.3955
61.3955
61.3955
61.3955
61.3955
61.3955
61.3955
61.3955
61.3955
61.3955
61.3955
61.3955
64.304
64.304
64.304
64.304
64.304
64.304
64.304
64.304
64.304
64.304
64.304
64.304
64.304
64.304
64.304
64.304
64.304
64.304
64.304
64.304
64.304
64.304
64.304
64.304
64.304
64.304
64.304
66.552
65.5231
65.5927
66.7589
66.0413
65.739
65.6589
65.9333
65.6088
66.0194
66.5189
66.1703
65.7448
66.5043
65.2848
65.4136
66.3248
65.5456
65.1178
65.7008
65.1323
65.0482
65.0664
64.8229
64.4519
64.2664
64.2221
64.0782
64.0356
65.2563
64.4792
64.1805
64.9711
63.8898
64.7429
64.5655
64.7709
63.8622
64.1969
64.4053
64.5761
64.7913
64.3737
63.8163
64.5717
64.4126
64.8259
64.1439
63.6529
64.3499
64.3029
65.1887
64.2528
64.0121
64.3093
64.9573
64.5947
64.1868
64.9085
64.9077
64.3682
64.9955
64.0789
64.7387
64.1709
64.9537
64.1479
64.4571
65.2633
65.0861
64.3845
65.0136
64.6366
64.6496
65.1197
64.2754
64.7771
64.7883
64.1389
65.1784
64.7977
65.0501
63.8943
63.8806
64.7151
64.8252
65.3953
64.0932
64.6651
64.5827
64.2324
64.1188
64.6092
64.3319
64.4356
65.0833
64.1994
64.5113
64.2195
64.1986
64.1796
63.9932
64.654
64.6474
64.2846
63.8337
64.0229
63.7704
64.7592
63.9702
64.3364
64.2523
64.1291
64.2245
63.6556
64.001
64.0986
64.295
63.6287
64.3048
64.0693
64.0275
63.8317
63.6415
64.2006
64.0571
63.783
64.2907
64.4242
63.9782
64.0761
63.8086
63.8349
64.5888
63.2415
62.8027
63.4894
63.0514
63.5433
63.1026
62.4804
62.8252
63.0711
62.716
65.7891
63.8946
64.821
65.1848
65.2292
64.5127
65.7733
65.6139
66.1638
66.6999
66.1103
66.2434
65.5911
65.9423
66.0322
66.0427
65.2686
65.8875
66.6372
65.6334
64.8812
64.9215
65.6346
65.3035
64.7699
63.4261
63.6313
64.0784
63.4288
65.0684
64.4365
63.7227
63.7377
64.1972
64.1881
63.3129
63.3621
62.2827
63.1544
62.0279
62.6264
62.8583
62.9034
62.4132
62.2016
62.1121
62.0948
62.4057
62.0648
62.5726
62.5585
62.3132
62.1401
62.0064
61.9594
62.0155
61.8362
61.7472
61.7735
61.7903
61.4886
61.4913
61.8846
61.8477
62.3162
61.8138
61.3952
61.8973
61.4352
61.558
61.8377
62.3543
61.455
61.3242
61.4289
61.3252
61.8319
61.8698
63.0622
60.9727
60.9656
62.3581
61.7895
61.9467
62.3721
60.4573
61.0334
61.6803
60.9452
61.5611
61.0064
61.6946
61.3619
60.8792
60.9121
61.3348
61.1446
61.8936
60.7783
61.5383
61.6984
62.5375
61.719
61.0946
61.8989
60.099
61.6759
62.3978
61.0082
60.7221
60.3661
61.0417
61.66
61.0464
60.7256
60.9633
60.9751
60.9067
60.1093
61.9919
60.63
61.7148
60.7141
60.8015
60.9489
61.7167
61.463
61.2844
60.4182
60.9042
61.1589
61.2596
60.9989
60.5435
61.4844
61.3434
60.4687
60.4992
60.9542
61.7191
60.9141
60.8058
61.1253
60.8017
60.7825
61.7548
61.1774
61.3718
61.0177
60.7092
61.6564
60.9446
60.6317
60.6612
60.7232
60.6527
61.3981
60.698
60.5374
61.1813
61.1342
60.9236
60.139
60.8638
60.7977
61.1827
61.033
61.6284
61.4929
60.6573
60.5364
60.3254
60.3334
60.5554
60.6197
60.6788
60.7545
61.5557
61.3307
60.2071
60.2257
60.5118
60.5727
60.2482
61.2392
60.8789
61.4835
60.5919
61.2934
61.0698
60.5624
60.2948
60.7688
60.79
61.0537
59.8955
61.4732
60.6539
60.9932
60.2702
60.9648
60.8887
61.0274
61.0969
60.987
61.141
61.1283
61.1201
61.1493
60.3537
60.7284
61.0145
60.702
61.1189
61.1488
61.3609
61.694
60.7379
61.6083
61.4023
61.1161
61.1357
60.9884
60.0683
60.5895
61.4939
60.2237
60.7898
60.9195
61.6073
60.2761
60.3484
60.3574
61.0511
60.9554
61.3729
60.8446
60.0687
61.1266
60.6986
60.5066
60.7212
60.7708
61.4206
61.069
60.5927
61.1688
60.809
61.832
60.8016
61.2052
61.1066
60.5682
60.0501
61.0432
60.143
60.7101
61.2157
60.3059
60.9194
61.162
61.3473
60.5752
60.9401
60.9884
61.3017
60.4197
60.4151
60.4331
60.0445
60.7198
61.2446
61.0923
60.7529
61.2519
61.3914
60.7819
60.2888
61.0943
60.563
60.5619
61.1039
60.3453
61.4642
61.3184
60.5782
60.4085
60.5339
60.8691
60.8953
60.3749
61.5164
60.8799
61.9905
61.317
60.3911
62.2327
61.0178
61.1362
61.5975
61.0249
59.6055
61.3775
61.1936
61.166
60.4753
61.7449
60.6653
61.072
60.4589
61.7178
61.6884
60.9162
60.8095
61.4106
61.2648
61.1631
60.6457
61.3874
60.651
61.1406
61.54
60.6307
61.2544
61.104
60.7322
61.5657
62.0412
61.0907
61.4953
60.9145
61.4068
61.7416
61.1835
61.2191
60.9638
60.7298
60.9004
61.0005
61.0055
61.089
61.3487
61.6432
61.3221
61.0465
60.8233
60.8457
61.216
61.6323
60.5841
61.7301
61.779
61.2768
60.6452
60.1493
60.7323
60.7958
62.0772
60.672
61.251
61.5213
60.6834
60.3679
60.8456
60.5681
61.4709
60.9994
61.2043
60.8295
61.2352
61.0456
60.0731
60.5529
61.135
60.156
60.6791
61.6218
61.624
60.664
60.7716
61.2183
60.9073
61.0463
60.5903
